24
   0.00000000       1.00000000       0.00000000       0.00000000    
   1.00000   0.00000   0.00000
   0.00000   1.00000   0.00000
   0.00000  -0.00000   1.00000

   180.000015       0.00000000       0.00000000       1.00000000    
  -1.00000   0.00000   0.00000
   0.00000  -1.00000   0.00000
   0.00000   0.00000   1.00000

   180.000015       1.00000000      -0.00000000       0.00000000    
   1.00000   0.00000   0.00000
   0.00000  -1.00000   0.00000
   0.00000  -0.00000  -1.00000

   180.000015       0.00000000       1.00000000       0.00000000    
  -1.00000   0.00000   0.00000
   0.00000   1.00000   0.00000
   0.00000   0.00000  -1.00000

   120.000015      0.577350259      0.577350259      0.577350259    
   0.00000   0.00000   1.00000
   1.00000   0.00000   0.00000
   0.00000   1.00000   0.00000

   120.000015     -0.577350259      0.577350259      0.577350259    
   0.00000   0.00000  -1.00000
  -1.00000   0.00000   0.00000
   0.00000   1.00000   0.00000

   120.000015      0.577350259     -0.577350259      0.577350259    
   0.00000   0.00000   1.00000
  -1.00000   0.00000   0.00000
   0.00000  -1.00000   0.00000

   120.000015     -0.577350259     -0.577350259      0.577350259    
   0.00000   0.00000  -1.00000
   1.00000   0.00000   0.00000
   0.00000  -1.00000   0.00000

   120.000015      0.577350259      0.577350259      0.577350259    
   0.00000   1.00000   0.00000
   0.00000   0.00000   1.00000
   1.00000  -0.00000   0.00000

   120.000015      0.577350259     -0.577350259      0.577350259    
   0.00000  -1.00000   0.00000
   0.00000   0.00000  -1.00000
   1.00000   0.00000   0.00000

   120.000015     -0.577350259     -0.577350259      0.577350259    
   0.00000   1.00000   0.00000
   0.00000   0.00000  -1.00000
  -1.00000   0.00000   0.00000

   120.000015     -0.577350259      0.577350259      0.577350259    
   0.00000  -1.00000   0.00000
   0.00000   0.00000   1.00000
  -1.00000  -0.00000   0.00000


   0.00000   1.00000   0.00000
   1.00000   0.00000   0.00000
   0.00000  -0.00000  -1.00000


   0.00000  -1.00000   0.00000
  -1.00000   0.00000   0.00000
   0.00000   0.00000  -1.00000


   0.00000  -1.00000   0.00000
   1.00000   0.00000   0.00000
   0.00000  -0.00000   1.00000


   0.00000   1.00000   0.00000
  -1.00000   0.00000   0.00000
   0.00000   0.00000   1.00000


   1.00000   0.00000   0.00000
   0.00000   0.00000   1.00000
   0.00000  -1.00000   0.00000


  -1.00000   0.00000   0.00000
   0.00000   0.00000  -1.00000
   0.00000  -1.00000   0.00000


  -1.00000   0.00000   0.00000
   0.00000   0.00000   1.00000
   0.00000   1.00000   0.00000


   1.00000   0.00000   0.00000
   0.00000   0.00000  -1.00000
   0.00000   1.00000   0.00000


   0.00000   0.00000   1.00000
   0.00000   1.00000   0.00000
  -1.00000  -0.00000   0.00000


   0.00000   0.00000  -1.00000
   0.00000  -1.00000   0.00000
  -1.00000   0.00000   0.00000


   0.00000   0.00000  -1.00000
   0.00000   1.00000   0.00000
   1.00000   0.00000   0.00000


   0.00000   0.00000   1.00000
   0.00000  -1.00000   0.00000
   1.00000  -0.00000   0.00000

